f(x) = x MOD 11
S. progresiva encadenada con
área de desborde separado
* = Clave intrusa

Dir   Enlace    Clave           Dir   Enlace    Clave
0       -1      44              0       -1      
1       -1      56              1       -1      
2       -1                      2       -1      
3       -1                      3       -1      
4       -1      37
5       -1      
6       -1
7       -1      29
8       -1      
9       -1      31
10      -1

///////////////////////////////////////////////////////
DE: 45%
+23: L1

Dir   Enlace    Clave           Dir   Enlace    Clave
0       -1      44              0       -1      23
1        0      56              1       -1      
2       -1                      2       -1      
3       -1                      3       -1      
4       -1      37
5       -1      
6       -1
7       -1      29
8       -1      
9       -1      31
10      -1

///////////////////////////////////////////////////////
DE: 45%
+48: L4

Dir   Enlace    Clave           Dir   Enlace    Clave
0       -1      44              0       -1      23
1        0      56              1       -1      48
2       -1                      2       -1      
3       -1                      3       -1      
4        1      37
5       -1      
6       -1
7       -1      29
8       -1      
9       -1      31
10      -1

///////////////////////////////////////////////////////
DE: 54%
+47: L3,E3

Dir   Enlace    Clave           Dir   Enlace    Clave
0       -1      44              0       -1      23
1        0      56              1       -1      48
2       -1                      2       -1      
3       -1      47              3       -1      
4        1      37
5       -1      
6       -1
7       -1      29
8       -1      
9       -1      31
10      -1

///////////////////////////////////////////////////////
DE: 54%
+67: L1

Dir   Enlace    Clave           Dir   Enlace    Clave
0       -1      44              0       -1      23
1        2      56              1       -1      48
2       -1                      2        0      67
3       -1      47              3       -1      
4        1      37
5       -1      
6       -1
7       -1      29
8       -1      
9       -1      31
10      -1

///////////////////////////////////////////////////////
DE: 54%
+59: L4

Dir   Enlace    Clave           Dir   Enlace    Clave
0       -1      44              0       -1      23
1        2      56              1       -1      48
2       -1                      2        0      67
3       -1      47              3        1      59
4        3      37
5       -1      
6       -1
7       -1      29
8       -1      
9       -1      31
10      -1